600 602 605 607 608 610 612 614 623
630 632 635 637 638 640 642 644 653
645 647 650 652 653 655 657 659 708
700 702 705 707 708 710 712 714 723
715 717 720 722 723 725 727 729 738
730 732 735 737 738 740 742 744 753
745 747 750 752 753 755 757 759 808
800 802 805 807 808 810 812 814 823
815 817 820 822 823 825 827 829 838
830 832 835 837 838 840 842 844 853
845 847 850 852 853 855 857 859 908
900 902 905 907 908 910 912 914 923
930 932 935 937 938 940 942 944 953
1000 1002 1005 1007 1008 1010 1012 1014 1023
1030 1032 1035 1037 1038 1040 1042 1044 1053
1100 1102 1105 1107 1108 1110 1112 1114 1123
1130 1132 1135 1137 1138 1140 1142 1144 1153
1200 1202 1205 1207 1208 1210 1212 1214 1223
1230 1232 1235 1237 1238 1240 1242 1244 1253
1300 1302 1305 1307 1308 1310 1312 1314 1323
1330 1332 1335 1337 1338 1340 1342 1344 1353
1400 1402 1405 1407 1408 1410 1412 1414 1423
1430 1432 1435 1437 1438 1440 1442 1444 1453
1500 1502 1505 1507 1508 1510 1512 1514 1523
1530 1532 1535 1537 1538 1540 1542 1544 1558
1600 1602 1605 1607 1608 1610 1612 1614 1628
1615 1617 1620 1622 1623 1625 1627 1629 1643
1630 1632 1635 1637 1638 1640 1642 1644 1658
1645 1647 1650 1652 1653 1655 1657 1659 1713
1700 1702 1705 1707 1708 1710 1712 1714 1728
1715 1717 1720 1722 1723 1725 1727 1729 1743
1730 1732 1735 1737 1738 1740 1742 1744 1758
1745 1747 1750 1752 1753 1755 1757 1759 1813
1800 1802 1805 1807 1808 1810 1812 1814 1828
1815 1817 1820 1822 1823 1825 1827 1829 1843
1830 1832 1835 1837 1838 1840 1842 1844 1853
1845 1847 1850 1852 1853 1855 1857 1859 1913
1900 1902 1905 1907 1908 1910 1912 1914 1923
1930 1932 1935 1937 1938 1940 1942 1944 1953
2000 2002 2005 2007 2008 2010 2012 2014 2023
2030 2032 2035 2037 2038 2040 2042 2044 2053
2100 2102 2105 2107 2108 2110 2112 2114 2123
2130 2132 2135 2137 2138 2140 2142 2144 2153
2230 2232 2235 2237 2238 2240 2242 2244 2253
2330 2332 2335 2337 2338 2340 2342 2344 2353
