635 638 641 647 653
716 719 722 728 734
733 736 739 745 752
756 759 802 808 814
816 819 822 828 834
836 839 842 848 854
901 904 907 913 919
931 934 937 943 949
1001 1004 1007 1013 1019
1039 1042 1045 1051 1057
1139 1142 1145 1151 1157
1239 1242 1245 1251 1257
1339 1342 1345 1351 1357
1439 1442 1445 1451 1457
1549 1552 1555 1601 1607
1608 1611 1614 1620 1626
1625 1628 1631 1637 1644
1645 1648 1651 1657 1703
1704 1707 1710 1716 1722
1723 1726 1729 1735 1742
1740 1743 1746 1752 1758
1800 1803 1806 1812 1818
1837 1840 1843 1849 1855
