430 432 435 437 439 442 444 446 449 451 453 455 458 501 503 509 515
530 532 535 537 539 542 544 546 549 551 553 555 558 601 603 609 615
600 602 605 607 610 612 615 617 -1 -1 -1 622 -1 -1 -1 -1 638
-1 -1 -1 -1 -1 -1 -1 620 622 624 626 628 630 632 636 -1 647
620 622 625 627 630 632 635 637 -1 -1 -1 642 -1 -1 -1 -1 658
-1 -1 -1 -1 -1 -1 -1 640 642 644 646 648 650 652 656 -1 707
640 642 645 647 650 652 655 657 -1 -1 -1 702 -1 -1 -1 -1 718
-1 -1 -1 -1 -1 -1 -1 700 702 704 706 708 710 712 716 -1 727
700 702 705 707 710 712 715 717 -1 -1 -1 722 -1 -1 -1 -1 738
-1 -1 -1 -1 -1 -1 -1 720 722 724 726 728 730 732 736 -1 747
716 718 721 723 726 728 731 733 -1 -1 -1 738 -1 -1 -1 -1 754
-1 -1 -1 -1 -1 -1 -1 737 739 741 743 745 747 749 753 -1 804
740 742 745 747 750 752 755 757 -1 -1 -1 802 -1 -1 -1 -1 818
-1 -1 -1 -1 -1 -1 -1 800 802 804 806 808 810 812 816 -1 827
800 802 805 807 810 812 815 817 -1 -1 -1 822 -1 -1 -1 -1 838
-1 -1 -1 -1 -1 -1 -1 820 822 824 826 828 830 832 836 -1 847
820 822 825 827 829 832 834 836 839 841 843 845 848 851 853 859 905
840 842 845 847 849 852 854 856 859 901 903 905 908 911 913 919 925
900 902 905 907 909 912 914 916 919 921 923 925 928 931 933 939 945
920 922 925 927 929 932 934 936 939 941 943 945 948 951 953 959 1005
940 942 945 947 949 952 954 956 959 1001 1003 1005 1008 1011 1013 1019 1025
1000 1002 1005 1007 1009 1012 1014 1016 1019 1021 1023 1025 1028 1031 1033 1039 1045
1020 1022 1025 1027 1029 1032 1034 1036 1039 1041 1043 1045 1048 1051 1053 1059 1105
1040 1042 1045 1047 1049 1052 1054 1056 1059 1101 1103 1105 1108 1111 1113 1119 1125
1100 1102 1105 1107 1109 1112 1114 1116 1119 1121 1123 1125 1128 1131 1133 1139 1145
1120 1122 1125 1127 1129 1132 1134 1136 1139 1141 1143 1145 1148 1151 1153 1159 1205
1140 1142 1145 1147 1149 1152 1154 1156 1159 1201 1203 1205 1208 1211 1213 1219 1225
1200 1202 1205 1207 1209 1212 1214 1216 1219 1221 1223 1225 1228 1231 1233 1239 1245
1220 1222 1225 1227 1229 1232 1234 1236 1239 1241 1243 1245 1248 1251 1253 1259 1305
1240 1242 1245 1247 1249 1252 1254 1256 1259 1301 1303 1305 1308 1311 1313 1319 1325
1300 1302 1305 1307 1309 1312 1314 1316 1319 1321 1323 1325 1328 1331 1333 1339 1345
1320 1322 1325 1327 1329 1332 1334 1336 1339 1341 1343 1345 1348 1351 1353 1359 1405
1340 1342 1345 1347 1349 1352 1354 1356 1359 1401 1403 1405 1408 1411 1413 1419 1425
1400 1402 1405 1407 1409 1412 1414 1416 1419 1421 1423 1425 1428 1431 1433 1439 1445
1420 1422 1425 1427 1429 1432 1434 1436 1439 1441 1443 1445 1448 1451 1453 1459 1505
1440 1442 1445 1447 1449 1452 1454 1456 1459 1501 1503 1505 1508 1511 1513 1519 1525
1500 1502 1505 1507 1509 1512 1514 1516 1519 1521 1523 1525 1528 1531 1533 1539 1545
1520 1522 1525 1527 1529 1532 1534 1536 1539 1541 1543 1545 1548 1551 1553 1559 1605
1539 1541 1544 1546 1548 1551 1553 1555 1558 1600 1602 1604 1607 1610 1612 1618 1624
1602 1604 1607 1609 1611 1614 1616 1618 1621 1623 1625 1627 1630 1633 1635 1641 1647
1621 1623 1626 1628 1631 1633 1636 1638 -1 -1 -1 1643 -1 -1 -1 -1 1659
-1 -1 -1 -1 -1 -1 -1 1642 1644 1646 1648 1650 1652 1654 1658 -1 1710
-1 -1 -1 -1 -1 -1 -1 1701 1703 1705 1707 1709 1711 1713 1717 -1 1730
1704 1706 1709 1711 1713 1716 1718 1720 1723 1725 1727 1729 1732 1735 1737 1743 1749
1722 1724 1727 1729 1731 1734 1736 1738 1741 1743 1745 1747 1750 1753 1755 1801 1807
1741 1743 1746 1748 1750 1753 1755 1757 1800 1802 1804 1806 1809 1812 1814 1820 1826
1807 1809 1812 1814 1816 1819 1821 1823 1826 1828 1830 1832 1835 1838 1840 1846 1852
1830 1832 1835 1837 1839 1842 1844 1846 1849 1851 1853 1855 1858 1901 1903 1909 1915
1900 1902 1905 1907 1909 1912 1914 1916 1919 1921 1923 1925 1928 1931 1933 1939 1945
1930 1932 1935 1937 1939 1942 1944 1946 1949 1951 1953 1955 1958 2001 2003 2009 2015
2000 2002 2005 2007 2009 2012 2014 2016 2019 2021 2023 2025 2028 2031 2033 2039 2045
2100 2102 2105 2107 2109 2112 2114 2116 2119 2121 2123 2125 2128 2131 2133 2139 2145
2200 2202 2205 2207 2209 2212 2214 2216 2219 2221 2223 2225 2228 2231 2233 2239 2245
2300 2302 2305 2307 2309 2312 2314 2316 2319 2321 2323 2325 2328 2331 2333 2339 2345
