552 604 606 607 609 611 613 617 619 621 628 638 646 652
620 632 634 635 637 639 641 645 647 649 656 706 714 720
650 702 704 705 707 709 711 715 717 719 726 736 744 750
703 715 717 718 720 722 724 -1 -1 -1 -1 -1 -1 -1
710 722 724 725 727 729 731 735 737 739 746 756 804 810
731 743 745 746 748 750 752 756 758 800 807 817 825 831
758 810 812 813 815 817 819 823 825 827 834 844 852 858
813 825 827 828 830 832 834 838 840 842 849 859 907 913
833 845 847 848 850 852 854 858 900 902 909 919 927 933
853 905 907 908 910 912 914 918 920 922 929 939 947 953
913 925 927 928 930 932 934 938 940 942 949 959 1007 1013
933 945 947 948 950 952 954 958 1000 1002 1009 1019 1027 1033
953 1005 1007 1008 1010 1012 1014 1018 1020 1022 1029 1039 1047 1053
1013 1025 1027 1028 1030 1032 1034 1038 1040 1042 1049 1059 1107 1113
1033 1045 1047 1048 1050 1052 1054 1058 1100 1102 1109 1119 1127 1133
1053 1105 1107 1108 1110 1112 1114 1118 1120 1122 1129 1139 1147 1153
1113 1125 1127 1128 1130 1132 1134 1138 1140 1142 1149 1159 1207 1213
1133 1145 1147 1148 1150 1152 1154 1158 1200 1202 1209 1219 1227 1233
1153 1205 1207 1208 1210 1212 1214 1218 1220 1222 1229 1239 1247 1253
1213 1225 1227 1228 1230 1232 1234 1238 1240 1242 1249 1259 1307 1313
1233 1245 1247 1248 1250 1252 1254 1258 1300 1302 1309 1319 1327 1333
1253 1305 1307 1308 1310 1312 1314 1318 1320 1322 1329 1339 1347 1353
1313 1325 1327 1328 1330 1332 1334 1338 1340 1342 1349 1359 1407 1413
1333 1345 1347 1348 1350 1352 1354 1358 1400 1402 1409 1419 1427 1433
1353 1405 1407 1408 1410 1412 1414 1418 1420 1422 1429 1439 1447 1453
1413 1425 1427 1428 1430 1432 1434 1438 1440 1442 1449 1459 1507 1513
1433 1445 1447 1448 1450 1452 1454 1458 1500 1502 1509 1519 1527 1533
1453 1505 1507 1508 1510 1512 1514 1518 1520 1522 1529 1539 1547 1553
1501 1513 1515 1516 1518 1520 1522 -1 -1 -1 -1 -1 -1 -1
1513 1525 1527 1528 1530 1532 1534 1538 1540 1542 1549 1559 1607 1613
1521 1533 1535 1536 1538 1540 1542 -1 -1 -1 -1 -1 -1 -1
1535 -1 -1 -1 -1 -1 1552 1556 1558 1600 1607 1617 1624 1630
1541 1553 1555 1556 1558 1600 1602 -1 -1 -1 -1 -1 -1 -1
1555 -1 -1 -1 -1 -1 1612 1616 1618 1620 1627 1637 1644 1650
1601 1613 1615 1616 1618 1620 1622 -1 -1 -1 -1 -1 -1 -1
1615 -1 -1 -1 -1 -1 1632 1636 1638 1640 1647 1657 1704 1710
1621 1633 1635 1636 1638 1640 1642 -1 -1 -1 -1 -1 -1 -1
1635 -1 -1 -1 -1 -1 1652 1656 1658 1700 1707 1717 1724 1730
1641 1653 1655 1656 1658 1700 1703 -1 -1 -1 -1 -1 -1 -1
1655 -1 -1 -1 -1 -1 1712 1716 1718 1720 1727 1737 1744 1750
1701 1713 1715 1716 1718 1720 1723 -1 -1 -1 -1 -1 -1 -1
1718 -1 -1 -1 -1 -1 1735 1739 1741 1743 1750 1800 1807 1813
1721 1733 1735 1736 1738 1740 1743 -1 -1 -1 -1 -1 -1 -1
1735 -1 -1 -1 -1 -1 1752 1756 1758 1800 1807 1817 1824 1830
1741 1753 1755 1756 1758 1800 1802 -1 -1 -1 -1 -1 -1 -1
1755 -1 -1 -1 -1 -1 1812 1816 1818 1820 1827 1837 1844 1850
1801 1813 1815 1816 1818 1820 1822 -1 -1 -1 -1 -1 -1 -1
1814 1826 1828 1829 1831 1833 1835 1839 1841 1843 1850 1900 1908 1914
1844 1856 1858 1859 1901 1903 1905 1909 1911 1913 1920 1930 1938 1944
1914 1926 1928 1929 1931 1933 1935 1939 1941 1943 1950 2000 2008 2014
1944 1956 1958 1959 2001 2003 2005 2009 2011 2013 2020 2030 2038 2044
2014 2026 2028 2029 2031 2033 2035 2039 2041 2043 2050 2100 2108 2114
2044 2056 2058 2059 2101 2103 2105 2109 2111 2113 2120 2130 2138 2144
2114 2126 2128 2129 2131 2133 2135 2139 2141 2143 2150 2200 2208 2214
2144 2156 2158 2159 2201 2203 2205 2209 2211 2213 2220 2230 2238 2244
2214 2226 2228 2229 2231 2233 2235 2239 2241 2243 2250 2300 2308 2314
2244 2256 2258 2259 2301 2303 2305 2309 2311 2313 2320 2330 2338 2344
2314 2326 2328 2329 2331 2333 2335 2339 2341 2343 2350 000 008 014
