532 540 542 544 546 547 550 553 555
602 610 612 614 616 617 620 623 625
612 620 623 625 627 628 635 638 640
632 640 642 644 646 647 650 653 655
642 650 657 659 701 702 705 708 710
657 705 712 714 716 717 720 723 725
712 720 727 729 731 732 735 738 740
727 735 742 744 746 747 750 753 755
742 750 757 759 801 802 805 808 810
757 805 812 814 816 817 820 823 825
812 820 827 829 831 832 835 838 840
827 835 842 844 846 847 850 853 855
857 905 912 914 916 917 920 923 925
932 940 942 944 946 947 950 953 955
1002 1010 1012 1014 1016 1017 1020 1023 1025
1032 1040 1042 1044 1046 1047 1050 1053 1055
1102 1110 1112 1114 1116 1117 1120 1123 1125
1132 1140 1142 1144 1146 1147 1150 1153 1155
1202 1210 1212 1214 1216 1217 1220 1223 1225
1232 1240 1242 1244 1246 1247 1250 1253 1255
1302 1310 1312 1314 1316 1317 1320 1323 1325
1332 1340 1342 1344 1346 1347 1350 1353 1355
1402 1410 1412 1414 1416 1417 1420 1423 1425
1432 1440 1442 1444 1446 1447 1450 1453 1455
1502 1510 1512 1514 1516 1517 1520 1523 1525
1532 1540 1542 1544 1546 1547 1550 1553 1555
1547 1555 1557 1559 1601 1602 1605 1608 1610
1602 1610 1612 1614 1616 1617 1620 1623 1625
1617 1625 1627 1629 1631 1632 1635 1638 1640
1632 1640 1642 1644 1646 1647 1650 1653 1655
1647 1655 1657 1659 1701 1702 1705 1708 1710
1702 1710 1712 1714 1716 1717 1720 1723 1725
1717 1725 1727 1729 1731 1732 1735 1738 1740
1732 1740 1742 1744 1746 1747 1750 1753 1755
1747 1755 1757 1759 1801 1802 1805 1808 1810
1802 1810 1812 1814 1816 1817 1820 1823 1825
1817 1825 1827 1829 1831 1832 1835 1838 1840
1832 1840 1842 1844 1846 1847 1850 1853 1855
1902 1910 1912 1914 1916 1917 1920 1923 1925
1932 1940 1942 1944 1946 1947 1950 1953 1955
2002 2010 2012 2014 2016 2017 2020 2023 2025
2032 2040 2042 2044 2046 2047 2050 2053 2055
2102 2110 2112 2114 2116 2117 2120 2123 2125
2202 2210 2212 2214 2216 2217 2220 2223 2225
2302 2310 2312 2314 2316 2317 2320 2323 2325
