550 556 602 604 607 610 612 614 616 619 621 623 626 628 630 633 635
608 614 620 622 625 628 630 632 634 637 639 641 644 646 648 651 653
644 650 656 658 701 704 706 708 710 713 715 717 720 722 724 727 729
708 714 720 722 725 728 730 732 734 737 739 741 744 746 748 751 753
728 734 740 742 745 748 750 752 754 757 759 801 804 806 808 811 813
747 753 759 801 804 807 809 811 813 816 818 820 823 825 827 830 832
807 813 819 821 824 827 829 831 833 836 838 840 843 845 847 850 852
830 836 842 844 847 850 852 854 856 859 901 903 906 908 910 913 915
850 856 902 904 907 910 912 914 916 919 921 923 926 928 930 933 935
910 916 922 924 927 930 932 934 936 939 941 943 946 948 950 953 955
930 936 942 944 947 950 952 954 956 959 1001 1003 1006 1008 1010 1013 1015
950 956 1002 1004 1007 1010 1012 1014 1016 1019 1021 1023 1026 1028 1030 1033 1035
1010 1016 1022 1024 1027 1030 1032 1034 1036 1039 1041 1043 1046 1048 1050 1053 1055
1030 1036 1042 1044 1047 1050 1052 1054 1056 1059 1101 1103 1106 1108 1110 1113 1115
1050 1056 1102 1104 1107 1110 1112 1114 1116 1119 1121 1123 1126 1128 1130 1133 1135
1110 1116 1122 1124 1127 1130 1132 1134 1136 1139 1141 1143 1146 1148 1150 1153 1155
1130 1136 1142 1144 1147 1150 1152 1154 1156 1159 1201 1203 1206 1208 1210 1213 1215
1150 1156 1202 1204 1207 1210 1212 1214 1216 1219 1221 1223 1226 1228 1230 1233 1235
1210 1216 1222 1224 1227 1230 1232 1234 1236 1239 1241 1243 1246 1248 1250 1253 1255
1230 1236 1242 1244 1247 1250 1252 1254 1256 1259 1301 1303 1306 1308 1310 1313 1315
1250 1256 1302 1304 1307 1310 1312 1314 1316 1319 1321 1323 1326 1328 1330 1333 1335
1310 1316 1322 1324 1327 1330 1332 1334 1336 1339 1341 1343 1346 1348 1350 1353 1355
1330 1336 1342 1344 1347 1350 1352 1354 1356 1359 1401 1403 1406 1408 1410 1413 1415
1350 1356 1402 1404 1407 1410 1412 1414 1416 1419 1421 1423 1426 1428 1430 1433 1435
1410 1416 1422 1424 1427 1430 1432 1434 1436 1439 1441 1443 1446 1448 1450 1453 1455
1430 1436 1442 1444 1447 1450 1452 1454 1456 1459 1501 1503 1506 1508 1510 1513 1515
1450 1456 1502 1504 1507 1510 1512 1514 1516 1519 1521 1523 1526 1528 1530 1533 1535
1506 1512 1518 1520 1523 1526 1528 1530 1532 1535 1537 1539 1542 1544 1546 1549 1551
1518 -1 -1 -1 -1 1535 -1 -1 -1 1541 1543 1545 1548 1550 1552 1555 1557
1529 -1 1540 1542 1545 1548 1550 1552 1554 1557 -1 -1 -1 -1 -1 -1 -1
1536 -1 -1 -1 -1 1553 -1 -1 -1 1559 1601 1603 1606 1608 1610 1613 1615
1549 -1 1600 1602 1605 1608 1610 1612 1614 1617 -1 -1 -1 -1 -1 -1 -1
1557 -1 -1 -1 -1 1614 -1 -1 -1 1620 1622 1624 1627 1629 1631 1634 1636
1609 -1 1620 1622 1625 1628 1630 1632 1634 1637 -1 -1 -1 -1 -1 -1 -1
1617 -1 -1 -1 -1 1634 -1 -1 -1 1640 1642 1644 1647 1649 1651 1654 1656
1629 -1 1640 1642 1645 1648 1650 1652 1654 1657 -1 -1 -1 -1 -1 -1 -1
1637 -1 -1 -1 -1 1654 -1 -1 -1 1700 1702 1704 1707 1709 1711 1714 1716
1649 -1 1700 1702 1705 1708 1710 1712 1714 1717 -1 -1 -1 -1 -1 -1 -1
1657 -1 -1 -1 -1 1714 -1 -1 -1 1720 1722 1724 1727 1729 1731 1734 1736
1713 -1 -1 -1 -1 1730 -1 -1 -1 1736 1738 1740 1743 1745 1747 1750 1752
1715 -1 1726 1728 1731 1734 1736 1738 1740 1743 -1 -1 -1 -1 -1 -1 -1
1722 -1 -1 -1 -1 1739 -1 -1 -1 1745 1747 1749 1752 1754 1756 1759 1801
1735 -1 1746 1748 1751 1754 1756 1758 1800 1803 -1 -1 -1 -1 -1 -1 -1
1743 -1 -1 -1 -1 1800 -1 -1 -1 1806 1808 1810 1813 1815 1817 1820 1822
1750 -1 1801 1803 1806 1809 1811 1813 1815 1818 -1 -1 -1 -1 -1 -1 -1
1805 -1 -1 -1 -1 1822 -1 -1 -1 1828 1830 1832 1835 1837 1839 1842 1844
1811 -1 1822 1824 1827 1830 1832 1834 1836 1839 -1 -1 -1 -1 -1 -1 -1
1835 1841 1847 1849 1852 1855 1857 1859 1901 1904 1906 1908 1911 1913 1915 1918 1920
1905 1911 1917 1919 1922 1925 1927 1929 1931 1934 1936 1938 1941 1943 1945 1948 1950
1935 1941 1947 1949 1952 1955 1957 1959 2001 2004 2006 2008 2011 2013 2015 2018 2020
2005 2011 2017 2019 2022 2025 2027 2029 2031 2034 2036 2038 2041 2043 2045 2048 2050
2035 2041 2047 2049 2052 2055 2057 2059 2101 2104 2106 2108 2111 2113 2115 2118 2120
2105 2111 2117 2119 2122 2125 2127 2129 2131 2134 2136 2138 2141 2143 2145 2148 2150
2135 2141 2147 2149 2152 2155 2157 2159 2201 2204 2206 2208 2211 2213 2215 2218 2220
2205 2211 2217 2219 2222 2225 2227 2229 2231 2234 2236 2238 2241 2243 2245 2248 2250
2235 2241 2247 2249 2252 2255 2257 2259 2301 2304 2306 2308 2311 2313 2315 2318 2320
2305 2311 2317 2319 2322 2325 2327 2329 2331 2334 2336 2338 2341 2343 2345 2348 2350
